3
11
13
14
17
23
24
25
501
509
601
602
603
604
605
607
608
609
610
611
613
614
615
616
617
618
619
620
622
623
624
626
627
628
630
631
632
633
634
635
636
637
638
10001
10006
10013
10014
10019
10020
10024
10025
10027
10028
10062
10102
10104
10106
10107
10136
10138
10140
10142
10150
10155
10159
10161
10186
10194
10195
10196
10197
10199
10209
10215
10219
10223
10227
10231
10232
10242
10251
10257
10261
10263
10264
10276
10285
10286
10287
10294
10297
10299
10300
10302
10303
10304
10305
10306
10307
10308
10333
10336
10337
10341
10347
10353
10354
10356
10359
10360
10361
10362
10365
10367
10385
10386
10426
10438